
31017598
44235722
9871830
33405608
81467916
94834892
72122640
75861875
20893141
37562111
338877
48092907
17313916
53732824
888941
91481339
2873985
12437313
30939092
54622454
40574785
74825841
36163793
54292982
95675848
23437277
46134676
41329761
43294450
35484935
13304557
4571775
65900941
19093531
52470696
29351029
8994012
14561063
33395965
19346282
41117412
81031559
49359404
4415481
40393892
90713994
21965537
14232299
6676563
24809985
32769441
71295015
5234127
22803486
55545215
70708763
17840832
23094297
47556582
40385759
88534609
1799204
48970829
41845730
10755718
53053963
5493315
82036339
9287405
36131562
21563136
69728592
18596354
84493042
36765813
22226722
6708405
92247566
56479613
1198176
64685420
43812855
27909238
18027592
7713473
73441971
48796828
88903507
21602095
52054638